Train Results
 accuracy: 0.946949602122016
 precision: 0.9368421052631579
 recall: 0.956989247311828
Test Results
 accuracy: 0.7791225416036308
 precision: 0.6869009584664537
 recall: 0.8174904942965779