Train Results
 accuracy: 0.9442970822281167
 precision: 0.9421052631578948
 recall: 0.9470899470899471
Test Results
 accuracy: 0.7518910741301059
 precision: 0.6805111821086262
 recall: 0.7689530685920578