Train Results
 accuracy: 0.8859416445623343
 precision: 0.9210526315789473
 recall: 0.8620689655172413
Test Results
 accuracy: 0.735249621785174
 precision: 0.7284345047923323
 recall: 0.7169811320754716